21
21
21
1
1
1
1
1
1
1
1
1
1
48
48
48
48
48
48
48
48
48
48
48
48
48
48
48
48
48
48
48
48
48
48
48
48
48
48
48
48
48
48
48
48
1
30
25
13
13
1
15
13
15
13
13
86
1
95
1
1
1
5
11
18
28
38
48
58
68
76
85
88
88
85
85
85
88
88
86
83
83
88
83
90
83
90
86
83
83
90
85
90
86
86
88
86
88
83
83
85
90
88
86
85
86
51
81
83
83
53
83
85
83
88
88
88
85
88
85
88
88
88
88
85
88
85
85
83
88
85
85
88
85
88
90
88
90
88
88
76
75
75
75
75
76
80
50
48
48
55
31
33
30
26
26
26
26
26
26
26
26
33
15
15
15
15
15
15
15
15
15
15
15
15
15
15
15
15
15
15
15
15
15
15
15
15
15
15
15
15
15
15
15
15
15
15
15
15
15
15
15
15
15
15
15
15
15
15
15
15
15
15
15
15
15
15
15
15
15
15
15
15
1
1
1
1
1
1
23
1
1
1
1
1
1
1
3
1
16
33
46
58
70
81
90
98
95
98
86
85
85
85
86
73
85
85
81
58
58
58
58
58
58
58
58
58
58
58
58
58
58
58
58
58
58
58
58
58
58
58
58
51
66
25
25
1
1
1
1
1
1
